$ANSIBLE_VAULT;1.1;AES256
33643833336431633365626639613339653239636563376234396435383231383237326534303638
6233373739343430393737353837613265656162623033650a356336356664323461653236383239
37326437666266396636393531333762393961343033306334666430656362343266363364343736
3430613963323234320a643661653437303938353962636565623234346566346530353738366130
63333735373537396236333264393531316239393734336530656633623233316634386236636636
30363635333066336133383837396231303339666461343765623732633361353462623030373634
62636365386362343932623230323463393330373530653030613131343230656561633035313838
31313761336633393139386634643737303430343364653266653033633230663163303366303033
34303730643735326365656530666532386266373731303066323137393832646533363935663365
30656163383035663130326533363861353538633764346335373837376666383566353765663733
646634346232363635363065623032383266
