$ANSIBLE_VAULT;1.1;AES256
64373361356339326334616663376361386234313538616665336530396130396135393666363936
3765643563323438656530306634326638376634633765620a383031616265303032386230663861
32636566346237613330653833343064383130633934656266626339363230313436366539663663
3563396263316666310a336538623762656261666230363938656262663232613731386133356633
37346435633933656131663137323131356163393935646133396438323936643738323138373966
62393134326162623162623666363634336262313230353437616532656537366635333264363535
31356263396530343034313766356137336139306636383632643833633464663837613362376466
32643237386564326630666236313661613230306632306162633861333430306438303061393166
66653636346537396362646564333462343737333830613235303937303166396339303734353833
35613936653264373739643730353633323032646333316131643639623839383531306135373337
376335633862326430623530346237613435
